0353
0419
0279
0388
0291
0339
0227
0385
0256
0274
0228
0399
0442
0204
0474
0381
034
0416
0199
0145
0415
02
0179
0244
0376
0258
023
0379
0159
0120
020
0346
0116
0307
0394
0375
0106
0367
0232
022
024
0157
0176
0473
0362
0126
0314
0238
033
0311
0131
0335
0322
010
0485
0498
045
0119
0390
0497
0364
0310
0490
028
0262
0433
0408
0348
0285
0403
0294
0424
0166
0254
0103
046
0271
0304
0370
0170
0298
0148
0152
0481
0222
0301
0237
0299
0303
0125
0345
0450
0382
0435
0444
0484
0411
0211
0191
0104
0269
0333
0319
0295
049
0101
0118
0117
0337
0113
044
0162
0257
0185
0486
0180
0261
0401
0129
031
0338
0147
0276
0149
0369
0264
0501
0221
0161
019
0354
0352
0455
0235
0124
0305
0133
0453
014
0359
0402
0109
0315
0255
0480
042
0167
0396
0462
0393
0252
0141
0487
0324
0205
0230
0406
0266
0248
0421
0140
0331
013
0150
0461
0428
0224
0363
0476
0163
0172
0496
0438
0229
0216
0384
0186
0263
027
0154
0309
0259
0454
0422
0127
0468
0243
041
0426
0267
0212
0405
0284
0483
0457
0281
0439
0431
039
0449
0164
0361
0200
036
0213
0136
0296
0321
0475
0183
0407
037
0153
0371
0451
0482
0143
0467
0343
0351
0425
0286
0188
0410
0158
012
04
0420
0202
011
040
021
0488
0300
0123
0218
0181
0479
0489
0357
0334
0182
0471
0260
0387
0440
0437
0175
0329
0326
0323
0414
0250
0427
0233
0214
0459
05
0470
0316
0122
0273
0253
0492
0429
0178
0372
0132
025
0289
0336
0174
0409
016
0477
0146
0195
0251
0306
0368
0241
038
0328
0325
0169
0210
0110
0114
0190
0446
0347
0494
0389
0327
0209
0398
0293
0217
0223
0270
0366
0380
0108
0358
0302
048
0463
0355
0360
0203
0391
0177
0220
0341
0215
0198
0275
0493
0197
032
0137
0365
0134
0400
0287
0282
0430
0320
0312
0318
0432
0171
0234
0292
0499
01
0434
0458
017
0495
0115
0128
0208
0111
0173
0377
0308
03
0378
0278
0397
0272
0404
0342
0413
0386
0288
0165
0206
0100
